   1.00000   26.66667    1.00000   26.98413
   2.00000   78.41270    2.00000   69.68254
   3.00000   93.96825    3.00000   91.26984
   4.00000   96.66667    4.00000   96.50794
   5.00000   98.88889    5.00000   98.57143
   6.00000   98.57143    6.00000   99.68254
   7.00000   99.04762    7.00000   99.36508
   8.00000   99.52381    8.00000   99.20635
   9.00000   99.68254    9.00000   98.88889
  10.00000   99.84127   10.00000   99.36508
  11.00000   99.84127   11.00000   99.36508
  12.00000   99.84127   12.00000   99.84127
  13.00000  100.00000   13.00000   99.52381
  14.00000  100.00000   14.00000   99.36508
  15.00000  100.00000   15.00000   99.36508
  16.00000  100.00000   16.00000   99.36508
  17.00000  100.00000   17.00000   99.36508
  18.00000  100.00000   18.00000   99.36508
  19.00000  100.00000   19.00000   99.36508
  20.00000  100.00000   20.00000   99.36508
  21.00000  100.00000   21.00000   99.52381
  22.00000  100.00000   22.00000   99.68254
  23.00000  100.00000   23.00000  100.00000
  24.00000  100.00000   24.00000  100.00000
  25.00000  100.00000   25.00000  100.00000
  26.00000  100.00000   26.00000  100.00000
  27.00000  100.00000   27.00000  100.00000
  28.00000  100.00000   28.00000  100.00000
  29.00000  100.00000   29.00000  100.00000
  30.00000  100.00000   30.00000  100.00000
